>> m =5;
>> k =1;
>> b =.5;
>> F = 2;
>> A = [0 1; -k/m -b/m]

A =

         0    1.0000
   -0.2000   -0.1000

>> B = [0;1]

B =

     0
     1

>> C = [1 0]

C =

     1     0

>> D = 0

D =

     0

>> ss(A,B,C,D)

ans =
 
  A = 
         x1    x2
   x1     0     1
   x2  -0.2  -0.1
 
  B = 
       u1
   x1   0
   x2   1
 
  C = 
       x1  x2
   y1   1   0
 
  D = 
       u1
   y1   0
 
Continuous-time state-space model.