A = [0 1; 0 -b/m]

A =

         0    1.0000
         0   -0.0333

B = [0; 1/m]

B =

   1.0e-03 *

         0
    0.6667

C = [1 0]

C =

     1     0

D = 0

D =

     0

ss(A,B,C,D)

ans =
 
  A = 
             x1        x2
   x1         0         1
   x2         0  -0.03333
 
  B = 
              u1
   x1          0
   x2  0.0006667
 
  C = 
       x1  x2
   y1   1   0
 
  D = 
       u1
   y1   0
 
Continuous-time state-space model.
